Division Number: 338
Division Date: 17 October 2023 - 18:35

Levelling-up and Regeneration Bill: motion to disagree with Lords Amendment 45

Aye Count: 303
No Count: 152
Result: Question accordingly agreed.

Members recorded
Member,Party,Constituency,Vote,Proxy Member
"Diane Abbott","Independent","Hackney North and Stoke Newington","No Vote Recorded",""
"Debbie Abrahams","Labour","Oldham East and Saddleworth","No",""
"Bim Afolami","Conservative","Hitchin and Harpenden","Aye",""
"Adam Afriyie","Conservative","Windsor","Aye",""
"Nickie Aiken","Conservative","Cities of London and Westminster","No Vote Recorded",""
"Peter Aldous","Conservative","Waveney","No",""
"Rushanara Ali","Labour","Bethnal Green and Bow","No",""
"Tahir Ali","Labour","Birmingham, Hall Green","No",""
"Lucy Allan","Conservative","Telford","Aye","Marcus Jones"
"Rosena Allin-Khan","Labour","Tooting","No Vote Recorded",""
"Mike Amesbury","Labour","Weaver Vale","No",""
"Fleur Anderson","Labour","Putney","No",""
"Lee Anderson","Conservative","Ashfield","Aye",""
"Stuart Anderson","Conservative","Wolverhampton South West","Aye",""
"Stuart Andrew","Conservative","Pudsey","Aye",""
"Caroline Ansell","Conservative","Eastbourne","Aye",""
"Tonia Antoniazzi","Labour","Gower","No Vote Recorded",""
"Edward Argar","Conservative","Charnwood","Aye",""
"Jonathan Ashworth","Labour","Leicester South","No",""
"Sarah Atherton","Conservative","Wrexham","Aye",""
"Victoria Atkins","Conservative","Louth and Horncastle","Aye",""
"Gareth Bacon","Conservative","Orpington","Aye",""
"Richard Bacon","Conservative","South Norfolk","Aye",""
"Kemi Badenoch","Conservative","Saffron Walden","Aye",""
"Shaun Bailey","Conservative","West Bromwich West","Aye",""
"Siobhan Baillie","Conservative","Stroud","Aye",""
"Duncan Baker","Conservative","North Norfolk","Aye",""
"Steve Baker","Conservative","Wycombe","Aye",""
"Harriett Baldwin","Conservative","West Worcestershire","Aye",""
"Steve Barclay","Conservative","North East Cambridgeshire","Aye",""
"Hannah Bardell","Scottish National Party","Livingston","No Vote Recorded",""
"Paula Barker","Labour","Liverpool, Wavertree","No",""
"John Baron","Conservative","Basildon and Billericay","Aye",""
"Simon Baynes","Conservative","Clwyd South","Aye",""
"Margaret Beckett","Labour","Derby South","No",""
"Órfhlaith Begley","Sinn Féin","West Tyrone","No Vote Recorded",""
"Apsana Begum","Labour","Poplar and Limehouse","No Vote Recorded",""
"Aaron Bell","Conservative","Newcastle-under-Lyme","Aye",""
"Hilary Benn","Labour","Leeds Central","No",""
"Scott Benton","Independent","Blackpool South","Aye",""
"Paul Beresford","Conservative","Mole Valley","No Vote Recorded",""
"Jake Berry","Conservative","Rossendale and Darwen","Aye",""
"Clive Betts","Labour","Sheffield South East","No Vote Recorded",""
"Saqib Bhatti","Conservative","Meriden","Aye",""
"Mhairi Black","Scottish National Party","Paisley and Renfrewshire South","No Vote Recorded",""
"Ian Blackford","Scottish National Party","Ross, Skye and Lochaber","No Vote Recorded",""
"Bob Blackman","Conservative","Harrow East","Aye",""
"Kirsty Blackman","Scottish National Party","Aberdeen North","No Vote Recorded",""
"Olivia Blake","Labour","Sheffield, Hallam","No",""
"Paul Blomfield","Labour","Sheffield Central","No",""
"Crispin Blunt","Conservative","Reigate","Aye",""
"Peter Bone","Independent","Wellingborough","No Vote Recorded",""
"Steven Bonnar","Scottish National Party","Coatbridge, Chryston and Bellshill","No Vote Recorded",""
"Peter Bottomley","Conservative","Worthing West","Aye",""
"Andrew Bowie","Conservative","West Aberdeenshire and Kincardine","Aye",""
"Ben Bradley","Conservative","Mansfield","Aye",""
"Karen Bradley","Conservative","Staffordshire Moorlands","Aye",""
"Ben Bradshaw","Labour","Exeter","No",""
"Mickey Brady","Sinn Féin","Newry and Armagh","No Vote Recorded",""
"Graham Brady","Conservative","Altrincham and Sale West","No Vote Recorded",""
"Suella Braverman","Conservative","Fareham","Aye",""
"Kevin Brennan","Labour","Cardiff West","No",""
"Jack Brereton","Conservative","Stoke-on-Trent South","Aye",""
"Andrew Bridgen","The Reclaim Party","North West Leicestershire","Aye",""
"Steve Brine","Conservative","Winchester","Aye",""
"Paul Bristow","Conservative","Peterborough","Aye",""
"Sara Britcliffe","Conservative","Hyndburn","Aye",""
"Deidre Brock","Scottish National Party","Edinburgh North and Leith","No Vote Recorded",""
"Alan Brown","Scottish National Party","Kilmarnock and Loudoun","No Vote Recorded",""
"Nicholas Brown","Independent","Newcastle upon Tyne East","No",""
"Lyn Brown","Labour","West Ham","No",""
"Anthony Browne","Conservative","South Cambridgeshire","Aye",""
"Fiona Bruce","Conservative","Congleton","Aye",""
"Chris Bryant","Labour","Rhondda","No Vote Recorded",""
"Felicity Buchan","Conservative","Kensington","Aye",""
"Karen Buck","Labour","Westminster North","No",""
"Robert Buckland","Conservative","South Swindon","Aye",""
"Alex Burghart","Conservative","Brentwood and Ongar","Aye",""
"Richard Burgon","Labour","Leeds East","No",""
"Conor Burns","Conservative","Bournemouth West","No Vote Recorded",""
"Dawn Butler","Labour","Brent Central","No Vote Recorded",""
"Rob Butler","Conservative","Aylesbury","Aye",""
"Ian Byrne","Labour","Liverpool, West Derby","No Vote Recorded",""
"Liam Byrne","Labour","Birmingham, Hodge Hill","No",""
"Ruth Cadbury","Labour","Brentford and Isleworth","No Vote Recorded",""
"Alun Cairns","Conservative","Vale of Glamorgan","Aye",""
"Amy Callaghan","Scottish National Party","East Dunbartonshire","No Vote Recorded",""
"Lisa Cameron","Conservative","East Kilbride, Strathaven and Lesmahagow","Aye",""
"Gregory Campbell","Democratic Unionist Party","East Londonderry","Aye",""
"Alan Campbell","Labour","Tynemouth","No",""
"Dan Carden","Labour","Liverpool, Walton","No",""
"Alistair Carmichael","Liberal Democrat","Orkney and Shetland","No",""
"Andy Carter","Conservative","Warrington South","Aye",""
"James Cartlidge","Conservative","South Suffolk","Aye",""
"William Cash","Conservative","Stone","No Vote Recorded",""
"Miriam Cates","Conservative","Penistone and Stocksbridge","Aye",""
"Maria Caulfield","Conservative","Lewes","Aye",""
"Alex Chalk","Conservative","Cheltenham","Aye",""
"Wendy Chamberlain","Liberal Democrat","North East Fife","No",""
"Sarah Champion","Labour","Rotherham","No",""
"Douglas Chapman","Scottish National Party","Dunfermline and West Fife","No Vote Recorded",""
"Bambos Charalambous","Independent","Enfield, Southgate","No Vote Recorded",""
"Joanna Cherry","Scottish National Party","Edinburgh South West","No Vote Recorded",""
"Rehman Chishti","Conservative","Gillingham and Rainham","Aye",""
"Christopher Chope","Conservative","Christchurch","Aye",""
"Jo Churchill","Conservative","Bury St Edmunds","Aye",""
"Feryal Clark","Labour","Enfield North","No Vote Recorded",""
"Greg Clark","Conservative","Tunbridge Wells","Aye",""
"Brendan Clarke-Smith","Conservative","Bassetlaw","Aye",""
"Simon Clarke","Conservative","Middlesbrough South and East Cleveland","Aye",""
"Theo Clarke","Conservative","Stafford","Aye",""
"Chris Clarkson","Conservative","Heywood and Middleton","Aye",""
"James Cleverly","Conservative","Braintree","No Vote Recorded",""
"Geoffrey Clifton-Brown","Conservative","The Cotswolds","No Vote Recorded",""
"Thérèse Coffey","Conservative","Suffolk Coastal","Aye",""
"Elliot Colburn","Conservative","Carshalton and Wallington","Aye",""
"Damian Collins","Conservative","Folkestone and Hythe","Aye",""
"Daisy Cooper","Liberal Democrat","St Albans","No",""
"Yvette Cooper","Labour","Normanton, Pontefract and Castleford","No",""
"Jeremy Corbyn","Independent","Islington North","No Vote Recorded",""
"Alberto Costa","Conservative","South Leicestershire","Aye",""
"Robert Courts","Conservative","Witney","Aye",""
"Claire Coutinho","Conservative","East Surrey","Aye",""
"Ronnie Cowan","Scottish National Party","Inverclyde","No Vote Recorded",""
"Geoffrey Cox","Conservative","Torridge and West Devon","Aye",""
"Neil Coyle","Labour","Bermondsey and Old Southwark","No Vote Recorded",""
"Stephen Crabb","Conservative","Preseli Pembrokeshire","Aye",""
"Angela Crawley","Scottish National Party","Lanark and Hamilton East","No Vote Recorded",""
"Stella Creasy","Labour","Walthamstow","No",""
"Virginia Crosbie","Conservative","Ynys Môn","Aye",""
"Tracey Crouch","Conservative","Chatham and Aylesford","Aye",""
"Jon Cruddas","Labour","Dagenham and Rainham","No",""
"John Cryer","Labour","Leyton and Wanstead","No Vote Recorded",""
"Judith Cummins","Labour","Bradford South","No",""
"Alex Cunningham","Labour","Stockton North","No",""
"Janet Daby","Labour","Lewisham East","No",""
"Ashley Dalton","Labour","West Lancashire","No Vote Recorded",""
"James Daly","Conservative","Bury North","Aye",""
"Ed Davey","Liberal Democrat","Kingston and Surbiton","No",""
"Wayne David","Labour","Caerphilly","No Vote Recorded",""
"Alex Davies-Jones","Labour","Pontypridd","No",""
"David T C Davies","Conservative","Monmouth","Aye",""
"James Davies","Conservative","Vale of Clwyd","Aye",""
"Gareth Davies","Conservative","Grantham and Stamford","Aye",""
"Geraint Davies","Independent","Swansea West","No Vote Recorded",""
"Mims Davies","Conservative","Mid Sussex","Aye",""
"Philip Davies","Conservative","Shipley","Aye",""
"David Davis","Conservative","Haltemprice and Howden","Aye",""
"Dehenna Davison","Conservative","Bishop Auckland","Aye",""
"Martyn Day","Scottish National Party","Linlithgow and East Falkirk","No Vote Recorded",""
"Marsha De Cordova","Labour","Battersea","No Vote Recorded",""
"Thangam Debbonaire","Labour","Bristol West","No",""
"Tanmanjeet Singh Dhesi","Labour","Slough","No",""
"Caroline Dinenage","Conservative","Gosport","Aye",""
"Sarah Dines","Conservative","Derbyshire Dales","Aye",""
"Samantha Dixon","Labour","City of Chester","Teller - Noes",""
"Jonathan Djanogly","Conservative","Huntingdon","Aye",""
"Martin Docherty-Hughes","Scottish National Party","West Dunbartonshire","No Vote Recorded",""
"Leo Docherty","Conservative","Aldershot","Aye",""
"Anneliese Dodds","Labour","Oxford East","No",""
"Jeffrey M Donaldson","Democratic Unionist Party","Lagan Valley","Aye",""
"Michelle Donelan","Conservative","Chippenham","Aye","Marcus Jones"
"Dave Doogan","Scottish National Party","Angus","No Vote Recorded",""
"Allan Dorans","Scottish National Party","Ayr, Carrick and Cumnock","No Vote Recorded",""
"Steve Double","Conservative","St Austell and Newquay","Teller - Ayes",""
"Stephen Doughty","Labour","Cardiff South and Penarth","No",""
"Peter Dowd","Labour","Bootle","No",""
"Oliver Dowden","Conservative","Hertsmere","No Vote Recorded",""
"Jackie Doyle-Price","Conservative","Thurrock","Aye",""
"Richard Drax","Conservative","South Dorset","Aye",""
"Flick Drummond","Conservative","Meon Valley","Aye",""
"James Duddridge","Conservative","Rochford and Southend East","Aye",""
"Rosie Duffield","Labour","Canterbury","No",""
"David Duguid","Conservative","Banff and Buchan","Aye",""
"Iain Duncan Smith","Conservative","Chingford and Woodford Green","Aye",""
"Philip Dunne","Conservative","Ludlow","Aye",""
"Sarah Dyke","Liberal Democrat","Somerton and Frome","No",""
"Angela Eagle","Labour","Wallasey","No",""
"Maria Eagle","Labour","Garston and Halewood","No Vote Recorded",""
"Colum Eastwood","Social Democratic & Labour Party","Foyle","No Vote Recorded",""
"Mark Eastwood","Conservative","Dewsbury","Aye",""
"Jonathan Edwards","Independent","Carmarthen East and Dinefwr","No",""
"Ruth Edwards","Conservative","Rushcliffe","Aye",""
"Clive Efford","Labour","Eltham","No",""
"Julie Elliott","Labour","Sunderland Central","No",""
"Michael Ellis","Conservative","Northampton North","Aye",""
"Tobias Ellwood","Conservative","Bournemouth East","Aye",""
"Chris Elmore","Labour","Ogmore","No",""
"Natalie Elphicke","Conservative","Dover","Aye",""
"Florence Eshalomi","Labour","Vauxhall","No",""
"Bill Esterson","Labour","Sefton Central","No",""
"George Eustice","Conservative","Camborne and Redruth","Aye",""
"Chris Evans","Labour","Islwyn","No Vote Recorded",""
"Luke Evans","Conservative","Bosworth","No Vote Recorded",""
"Nigel Evans","Deputy Speaker","Ribble Valley","No Vote Recorded",""
"David Evennett","Conservative","Bexleyheath and Crayford","Aye",""
"Ben Everitt","Conservative","Milton Keynes North","Aye",""
"Michael Fabricant","Conservative","Lichfield","Aye",""
"Laura Farris","Conservative","Newbury","Aye",""
"Tim Farron","Liberal Democrat","Westmorland and Lonsdale","No",""
"Stephen Farry","Alliance","North Down","No",""
"Simon Fell","Conservative","Barrow and Furness","Aye",""
"Marion Fellows","Scottish National Party","Motherwell and Wishaw","No Vote Recorded",""
"John Finucane","Sinn Féin","Belfast North","No Vote Recorded",""
"Anna Firth","Conservative","Southend West","Aye",""
"Colleen Fletcher","Labour","Coventry North East","No Vote Recorded",""
"Katherine Fletcher","Conservative","South Ribble","Aye",""
"Mark Fletcher","Conservative","Bolsover","Aye",""
"Nick Fletcher","Conservative","Don Valley","Aye",""
"Stephen Flynn","Scottish National Party","Aberdeen South","No Vote Recorded",""
"Richard Foord","Liberal Democrat","Tiverton and Honiton","No Vote Recorded",""
"Vicky Ford","Conservative","Chelmsford","No Vote Recorded",""
"Kevin Foster","Conservative","Torbay","Aye",""
"Yvonne Fovargue","Labour","Makerfield","No",""
"Liam Fox","Conservative","North Somerset","No Vote Recorded",""
"Vicky Foxcroft","Labour","Lewisham, Deptford","No",""
"Mary Kelly Foy","Labour","City of Durham","No",""
"Mark Francois","Conservative","Rayleigh and Wickford","Aye",""
"Lucy Frazer","Conservative","South East Cambridgeshire","Aye",""
"George Freeman","Conservative","Mid Norfolk","Aye",""
"Mike Freer","Conservative","Finchley and Golders Green","Aye",""
"Louie French","Conservative","Old Bexley and Sidcup","Aye",""
"Richard Fuller","Conservative","North East Bedfordshire","No Vote Recorded",""
"Gill Furniss","Labour","Sheffield, Brightside and Hillsborough","No",""
"Marcus Fysh","Conservative","Yeovil","Aye",""
"Roger Gale","Conservative","North Thanet","No Vote Recorded",""
"Barry Gardiner","Labour","Brent North","No",""
"Mark Garnier","Conservative","Wyre Forest","Aye",""
"Nusrat Ghani","Conservative","Wealden","No Vote Recorded",""
"Nick Gibb","Conservative","Bognor Regis and Littlehampton","Aye",""
"Patricia Gibson","Scottish National Party","North Ayrshire and Arran","No Vote Recorded",""
"Peter Gibson","Conservative","Darlington","Aye",""
"Jo Gideon","Conservative","Stoke-on-Trent Central","Aye",""
"Michelle Gildernew","Sinn Féin","Fermanagh and South Tyrone","No Vote Recorded",""
"Preet Kaur Gill","Labour","Birmingham, Edgbaston","No Vote Recorded",""
"Paul Girvan","Democratic Unionist Party","South Antrim","No Vote Recorded",""
"John Glen","Conservative","Salisbury","Aye",""
"Mary Glindon","Labour","North Tyneside","No",""
"Robert Goodwill","Conservative","Scarborough and Whitby","Aye",""
"Michael Gove","Conservative","Surrey Heath","Aye",""
"Patrick Grady","Scottish National Party","Glasgow North","No Vote Recorded",""
"Richard Graham","Conservative","Gloucester","Aye",""
"Helen Grant","Conservative","Maidstone and The Weald","Aye","Marcus Jones"
"Peter Grant","Scottish National Party","Glenrothes","No Vote Recorded",""
"James Gray","Conservative","North Wiltshire","Aye",""
"Chris Grayling","Conservative","Epsom and Ewell","Aye",""
"Chris Green","Conservative","Bolton West","Aye",""
"Damian Green","Conservative","Ashford","Aye",""
"Sarah Green","Liberal Democrat","Chesham and Amersham","No Vote Recorded",""
"Lilian Greenwood","Labour","Nottingham South","No",""
"Margaret Greenwood","Labour","Wirral West","No",""
"Andrew Griffith","Conservative","Arundel and South Downs","Aye",""
"Nia Griffith","Labour","Llanelli","No",""
"James Grundy","Conservative","Leigh","Aye",""
"Jonathan Gullis","Conservative","Stoke-on-Trent North","Aye",""
"Andrew Gwynne","Labour","Denton and Reddish","No Vote Recorded",""
"Louise Haigh","Labour","Sheffield, Heeley","No Vote Recorded",""
"Robert Halfon","Conservative","Harlow","No Vote Recorded",""
"Luke Hall","Conservative","Thornbury and Yate","Aye",""
"Fabian Hamilton","Labour","Leeds North East","No Vote Recorded",""
"Paulette Hamilton","Labour","Birmingham, Erdington","No",""
"Stephen Hammond","Conservative","Wimbledon","No Vote Recorded",""
"Matt Hancock","Independent","West Suffolk","No Vote Recorded",""
"Greg Hands","Conservative","Chelsea and Fulham","Aye",""
"Claire Hanna","Social Democratic & Labour Party","Belfast South","No Vote Recorded",""
"Neale Hanvey","Alba Party","Kirkcaldy and Cowdenbeath","No Vote Recorded",""
"Emma Hardy","Labour","Kingston upon Hull West and Hessle","No",""
"Harriet Harman","Labour","Camberwell and Peckham","No",""
"Mark Harper","Conservative","Forest of Dean","Aye",""
"Carolyn Harris","Labour","Swansea East","No",""
"Rebecca Harris","Conservative","Castle Point","Aye",""
"Trudy Harrison","Conservative","Copeland","Aye",""
"Sally-Ann Hart","Conservative","Hastings and Rye","Aye",""
"Simon Hart","Conservative","Carmarthen West and South Pembrokeshire","Aye",""
"Helen Hayes","Labour","Dulwich and West Norwood","No",""
"John Hayes","Conservative","South Holland and The Deepings","Aye",""
"Chris Hazzard","Sinn Féin","South Down","No Vote Recorded",""
"Oliver Heald","Conservative","North East Hertfordshire","Aye",""
"John Healey","Labour","Wentworth and Dearne","No Vote Recorded",""
"James Heappey","Conservative","Wells","Aye",""
"Chris Heaton-Harris","Conservative","Daventry","No Vote Recorded",""
"Gordon Henderson","Conservative","Sittingbourne and Sheppey","Aye",""
"Mark Hendrick","Labour","Preston","No Vote Recorded",""
"Drew Hendry","Scottish National Party","Inverness, Nairn, Badenoch and Strathspey","No Vote Recorded",""
"Darren Henry","Conservative","Broxtowe","Aye",""
"Antony Higginbotham","Conservative","Burnley","Aye",""
"Meg Hillier","Labour","Hackney South and Shoreditch","No Vote Recorded",""
"Damian Hinds","Conservative","East Hampshire","Aye",""
"Simon Hoare","Conservative","North Dorset","Aye",""
"Wera Hobhouse","Liberal Democrat","Bath","No",""
"Margaret Hodge","Labour","Barking","No",""
"Sharon Hodgson","Labour","Washington and Sunderland West","No",""
"Richard Holden","Conservative","North West Durham","Aye",""
"Kate Hollern","Labour","Blackburn","No Vote Recorded",""
"Kevin Hollinrake","Conservative","Thirsk and Malton","Aye",""
"Philip Hollobone","Conservative","Kettering","Aye",""
"Adam Holloway","Conservative","Gravesham","Aye",""
"Paul Holmes","Conservative","Eastleigh","Aye",""
"Rachel Hopkins","Labour","Luton South","No Vote Recorded",""
"Stewart Hosie","Scottish National Party","Dundee East","No Vote Recorded",""
"George Howarth","Labour","Knowsley","No",""
"John Howell","Conservative","Henley","Aye",""
"Paul Howell","Conservative","Sedgefield","Aye",""
"Lindsay Hoyle","Speaker","Chorley","No Vote Recorded",""
"Nigel Huddleston","Conservative","Mid Worcestershire","Aye",""
"Neil Hudson","Conservative","Penrith and The Border","Aye",""
"Eddie Hughes","Conservative","Walsall North","No Vote Recorded",""
"Jane Hunt","Conservative","Loughborough","Aye","Marcus Jones"
"Jeremy Hunt","Conservative","South West Surrey","No Vote Recorded",""
"Tom Hunt","Conservative","Ipswich","Aye",""
"Rupa Huq","Labour","Ealing Central and Acton","No Vote Recorded",""
"Imran Hussain","Labour","Bradford East","No",""
"Alister Jack","Conservative","Dumfries and Galloway","No Vote Recorded",""
"Christine Jardine","Liberal Democrat","Edinburgh West","No Vote Recorded",""
"Dan Jarvis","Labour","Barnsley Central","No",""
"Sajid Javid","Conservative","Bromsgrove","Aye",""
"Ranil Jayawardena","Conservative","North East Hampshire","Aye",""
"Bernard Jenkin","Conservative","Harwich and North Essex","Aye",""
"Mark Jenkinson","Conservative","Workington","Aye",""
"Andrea Jenkyns","Conservative","Morley and Outwood","Aye",""
"Robert Jenrick","Conservative","Newark","Aye",""
"Diana Johnson","Labour","Kingston upon Hull North","No",""
"Caroline Johnson","Conservative","Sleaford and North Hykeham","Aye",""
"Gareth Johnson","Conservative","Dartford","Aye",""
"Kim Johnson","Labour","Liverpool, Riverside","No",""
"David Johnston","Conservative","Wantage","Aye",""
"Andrew Jones","Conservative","Harrogate and Knaresborough","Aye",""
"Darren Jones","Labour","Bristol North West","No Vote Recorded",""
"Fay Jones","Conservative","Brecon and Radnorshire","Teller - Ayes",""
"Gerald Jones","Labour","Merthyr Tydfil and Rhymney","Teller - Noes",""
"David Jones","Conservative","Clwyd West","Aye",""
"Kevan Jones","Labour","North Durham","No",""
"Marcus Jones","Conservative","Nuneaton","Aye",""
"Ruth Jones","Labour","Newport West","No",""
"Sarah Jones","Labour","Croydon Central","No Vote Recorded",""
"Simon Jupp","Conservative","East Devon","Aye",""
"Mike Kane","Labour","Wythenshawe and Sale East","No",""
"Daniel Kawczynski","Conservative","Shrewsbury and Atcham","Aye",""
"Alicia Kearns","Conservative","Rutland and Melton","Aye",""
"Gillian Keegan","Conservative","Chichester","Aye",""
"Barbara Keeley","Labour","Worsley and Eccles South","No Vote Recorded",""
"Liz Kendall","Labour","Leicester West","No Vote Recorded",""
"Afzal Khan","Labour","Manchester, Gorton","No",""
"Stephen Kinnock","Labour","Aberavon","No",""
"Julian Knight","Independent","Solihull","No Vote Recorded",""
"Greg Knight","Conservative","East Yorkshire","Aye",""
"Kate Kniveton","Conservative","Burton","Aye",""
"Danny Kruger","Conservative","Devizes","Aye",""
"Kwasi Kwarteng","Conservative","Spelthorne","Aye",""
"Peter Kyle","Labour","Hove","No Vote Recorded",""
"Eleanor Laing","Deputy Speaker","Epping Forest","No Vote Recorded",""
"Ben Lake","Plaid Cymru","Ceredigion","No Vote Recorded",""
"David Lammy","Labour","Tottenham","No Vote Recorded",""
"John Lamont","Conservative","Berwickshire, Roxburgh and Selkirk","Aye",""
"Robert Largan","Conservative","High Peak","Aye",""
"Pauline Latham","Conservative","Mid Derbyshire","Aye",""
"Ian Lavery","Labour","Wansbeck","No",""
"Chris Law","Scottish National Party","Dundee West","No Vote Recorded",""
"Kim Leadbeater","Labour","Batley and Spen","No",""
"Andrea Leadsom","Conservative","South Northamptonshire","Aye",""
"Edward Leigh","Conservative","Gainsborough","Aye",""
"Ian Levy","Conservative","Blyth Valley","No Vote Recorded",""
"Emma Lewell-Buck","Labour","South Shields","No Vote Recorded",""
"Andrew Lewer","Conservative","Northampton South","Aye",""
"Clive Lewis","Labour","Norwich South","No",""
"Brandon Lewis","Conservative","Great Yarmouth","Aye",""
"Julian Lewis","Conservative","New Forest East","Aye",""
"Ian Liddell-Grainger","Conservative","Bridgwater and West Somerset","Aye",""
"Simon Lightwood","Labour","Wakefield","No",""
"David Linden","Scottish National Party","Glasgow East","No Vote Recorded",""
"Tony Lloyd","Labour","Rochdale","No",""
"Carla Lockhart","Democratic Unionist Party","Upper Bann","Aye",""
"Chris Loder","Conservative","West Dorset","No Vote Recorded",""
"Mark Logan","Conservative","Bolton North East","Aye",""
"Rebecca Long Bailey","Labour","Salford and Eccles","No",""
"Marco Longhi","Conservative","Dudley North","Aye",""
"Julia Lopez","Conservative","Hornchurch and Upminster","Aye","Marcus Jones"
"Jack Lopresti","Conservative","Filton and Bradley Stoke","Aye",""
"Jonathan Lord","Conservative","Woking","No Vote Recorded",""
"Tim Loughton","Conservative","East Worthing and Shoreham","Aye",""
"Caroline Lucas","Green Party","Brighton, Pavilion","No",""
"Holly Lynch","Labour","Halifax","No",""
"Kenny MacAskill","Alba Party","East Lothian","No Vote Recorded",""
"Craig Mackinlay","Conservative","South Thanet","No Vote Recorded",""
"Cherilyn Mackrory","Conservative","Truro and Falmouth","Aye",""
"Rachel Maclean","Conservative","Redditch","Aye",""
"Angus Brendan MacNeil","Independent","Na h-Eileanan an Iar","No Vote Recorded",""
"Justin Madders","Labour","Ellesmere Port and Neston","No",""
"Khalid Mahmood","Labour","Birmingham, Perry Barr","No Vote Recorded",""
"Shabana Mahmood","Labour","Birmingham, Ladywood","No Vote Recorded",""
"Alan Mak","Conservative","Havant","Aye",""
"Seema Malhotra","Labour","Feltham and Heston","No",""
"Kit Malthouse","Conservative","North West Hampshire","Aye",""
"Anthony Mangnall","Conservative","Totnes","Aye",""
"Scott Mann","Conservative","North Cornwall","Aye",""
"Julie Marson","Conservative","Hertford and Stortford","Aye",""
"Rachael Maskell","Labour","York Central","No",""
"Paul Maskey","Sinn Féin","Belfast West","No Vote Recorded",""
"Keir Mather","Labour","Selby and Ainsty","No Vote Recorded",""
"Theresa May","Conservative","Maidenhead","Aye",""
"Jerome Mayhew","Conservative","Broadland","Aye",""
"Paul Maynard","Conservative","Blackpool North and Cleveleys","Aye",""
"Steve McCabe","Labour","Birmingham, Selly Oak","No",""
"Kerry McCarthy","Labour","Bristol East","No",""
"Jason McCartney","Conservative","Colne Valley","Aye",""
"Karl McCartney","Conservative","Lincoln","Aye",""
"Siobhain McDonagh","Labour","Mitcham and Morden","No",""
"Andy McDonald","Labour","Middlesbrough","No",""
"Stewart Malcolm McDonald","Scottish National Party","Glasgow South","No Vote Recorded",""
"Stuart C McDonald","Scottish National Party","Cumbernauld, Kilsyth and Kirkintilloch East","No Vote Recorded",""
"John McDonnell","Labour","Hayes and Harlington","No",""
"Pat McFadden","Labour","Wolverhampton South East","No Vote Recorded",""
"Conor McGinn","Independent","St Helens North","No Vote Recorded",""
"Alison McGovern","Labour","Wirral South","No",""
"Catherine McKinnell","Labour","Newcastle upon Tyne North","No",""
"Anne McLaughlin","Scottish National Party","Glasgow North East","No Vote Recorded",""
"Jim McMahon","Labour","Oldham West and Royton","No",""
"Anna McMorrin","Labour","Cardiff North","No",""
"John McNally","Scottish National Party","Falkirk","No Vote Recorded",""
"Stephen McPartland","Conservative","Stevenage","No Vote Recorded",""
"Esther McVey","Conservative","Tatton","No Vote Recorded",""
"Ian Mearns","Labour","Gateshead","No",""
"Mark Menzies","Conservative","Fylde","Aye",""
"Johnny Mercer","Conservative","Plymouth, Moor View","Aye",""
"Huw Merriman","Conservative","Bexhill and Battle","No Vote Recorded",""
"Stephen Metcalfe","Conservative","South Basildon and East Thurrock","Aye",""
"Edward Miliband","Labour","Doncaster North","No Vote Recorded",""
"Robin Millar","Conservative","Aberconwy","Aye",""
"Maria Miller","Conservative","Basingstoke","No Vote Recorded",""
"Amanda Milling","Conservative","Cannock Chase","No Vote Recorded",""
"Nigel Mills","Conservative","Amber Valley","Aye",""
"Navendu Mishra","Labour","Stockport","No",""
"Andrew Mitchell","Conservative","Sutton Coldfield","No Vote Recorded",""
"Gagan Mohindra","Conservative","South West Hertfordshire","Aye",""
"Francie Molloy","Sinn Féin","Mid Ulster","No Vote Recorded",""
"Carol Monaghan","Scottish National Party","Glasgow North West","No Vote Recorded",""
"Damien Moore","Conservative","Southport","Aye",""
"Robbie Moore","Conservative","Keighley","Aye",""
"Layla Moran","Liberal Democrat","Oxford West and Abingdon","No",""
"Penny Mordaunt","Conservative","Portsmouth North","Aye",""
"Jessica Morden","Labour","Newport East","No",""
"Helen Morgan","Liberal Democrat","North Shropshire","No",""
"Stephen Morgan","Labour","Portsmouth South","No",""
"Anne Marie Morris","Conservative","Newton Abbot","Aye",""
"David Morris","Conservative","Morecambe and Lunesdale","Aye",""
"Grahame Morris","Labour","Easington","No",""
"James Morris","Conservative","Halesowen and Rowley Regis","Aye",""
"Joy Morrissey","Conservative","Beaconsfield","Aye",""
"Jill Mortimer","Conservative","Hartlepool","Aye",""
"Wendy Morton","Conservative","Aldridge-Brownhills","Aye",""
"Kieran Mullan","Conservative","Crewe and Nantwich","Aye","Marcus Jones"
"Holly Mumby-Croft","Conservative","Scunthorpe","Aye",""
"David Mundell","Conservative","Dumfriesshire, Clydesdale and Tweeddale","No Vote Recorded",""
"Ian Murray","Labour","Edinburgh South","No",""
"James Murray","Labour","Ealing North","No",""
"Sheryll Murray","Conservative","South East Cornwall","No Vote Recorded",""
"Andrew Murrison","Conservative","South West Wiltshire","Aye",""
"Lisa Nandy","Labour","Wigan","No",""
"Robert Neill","Conservative","Bromley and Chislehurst","Aye",""
"Gavin Newlands","Scottish National Party","Paisley and Renfrewshire North","No Vote Recorded",""
"Charlotte Nichols","Labour","Warrington North","No",""
"Lia Nici","Conservative","Great Grimsby","Aye",""
"John Nicolson","Scottish National Party","Ochil and South Perthshire","No Vote Recorded",""
"Caroline Nokes","Conservative","Romsey and Southampton North","Aye",""
"Jesse Norman","Conservative","Hereford and South Herefordshire","Aye",""
"Alex Norris","Labour","Nottingham North","No Vote Recorded",""
"Neil O'Brien","Conservative","Harborough","Aye",""
"Brendan O'Hara","Scottish National Party","Argyll and Bute","No Vote Recorded",""
"Matthew Offord","Conservative","Hendon","Aye",""
"Sarah Olney","Liberal Democrat","Richmond Park","No Vote Recorded",""
"Chi Onwurah","Labour","Newcastle upon Tyne Central","No",""
"Guy Opperman","Conservative","Hexham","Aye",""
"Abena Oppong-Asare","Labour","Erith and Thamesmead","No Vote Recorded",""
"Kate Osamor","Labour","Edmonton","No",""
"Kate Osborne","Labour","Jarrow","No Vote Recorded",""
"Kirsten Oswald","Scottish National Party","East Renfrewshire","No Vote Recorded",""
"Taiwo Owatemi","Labour","Coventry North West","No",""
"Sarah Owen","Labour","Luton North","No Vote Recorded",""
"Ian Paisley","Democratic Unionist Party","North Antrim","No Vote Recorded",""
"Priti Patel","Conservative","Witham","No Vote Recorded",""
"Mark Pawsey","Conservative","Rugby","Aye",""
"Stephanie Peacock","Labour","Barnsley East","No Vote Recorded",""
"Mike Penning","Conservative","Hemel Hempstead","Aye",""
"Matthew Pennycook","Labour","Greenwich and Woolwich","No",""
"John Penrose","Conservative","Weston-super-Mare","Aye",""
"Andrew Percy","Conservative","Brigg and Goole","Aye",""
"Toby Perkins","Labour","Chesterfield","No",""
"Jess Phillips","Labour","Birmingham, Yardley","No Vote Recorded",""
"Bridget Phillipson","Labour","Houghton and Sunderland South","No Vote Recorded",""
"Chris Philp","Conservative","Croydon South","No Vote Recorded",""
"Luke Pollard","Labour","Plymouth, Sutton and Devonport","No Vote Recorded",""
"Dan Poulter","Conservative","Central Suffolk and North Ipswich","No",""
"Rebecca Pow","Conservative","Taunton Deane","Aye",""
"Lucy Powell","Labour","Manchester Central","No",""
"Victoria Prentis","Conservative","Banbury","Aye",""
"Mark Pritchard","Conservative","The Wrekin","Aye",""
"Tom Pursglove","Conservative","Corby","Aye",""
"Anum Qaisar","Scottish National Party","Airdrie and Shotts","No Vote Recorded",""
"Jeremy Quin","Conservative","Horsham","Aye",""
"Will Quince","Conservative","Colchester","Aye",""
"Yasmin Qureshi","Labour","Bolton South East","No Vote Recorded",""
"Dominic Raab","Conservative","Esher and Walton","No Vote Recorded",""
"Tom Randall","Conservative","Gedling","Aye",""
"Angela Rayner","Labour","Ashton-under-Lyne","No",""
"John Redwood","Conservative","Wokingham","Aye",""
"Steve Reed","Labour","Croydon North","No",""
"Jacob Rees-Mogg","Conservative","North East Somerset","Aye",""
"Christina Rees","Independent","Neath","No",""
"Ellie Reeves","Labour","Lewisham West and Penge","No Vote Recorded",""
"Rachel Reeves","Labour","Leeds West","No Vote Recorded",""
"Jonathan Reynolds","Labour","Stalybridge and Hyde","No",""
"Bell Ribeiro-Addy","Labour","Streatham","No",""
"Nicola Richards","Conservative","West Bromwich East","Aye",""
"Angela Richardson","Conservative","Guildford","Aye",""
"Marie Rimmer","Labour","St Helens South and Whiston","No",""
"Rob Roberts","Independent","Delyn","No Vote Recorded",""
"Laurence Robertson","Conservative","Tewkesbury","Aye",""
"Gavin Robinson","Democratic Unionist Party","Belfast East","Aye",""
"Mary Robinson","Conservative","Cheadle","No Vote Recorded",""
"Matt Rodda","Labour","Reading East","No",""
"Andrew Rosindell","Conservative","Romford","No Vote Recorded",""
"Douglas Ross","Conservative","Moray","Aye",""
"Lee Rowley","Conservative","North East Derbyshire","No Vote Recorded",""
"Lloyd Russell-Moyle","Labour","Brighton, Kemptown","No",""
"Dean Russell","Conservative","Watford","Aye",""
"David Rutley","Conservative","Macclesfield","Aye",""
"Gary Sambrook","Conservative","Birmingham, Northfield","No Vote Recorded",""
"Liz Saville Roberts","Plaid Cymru","Dwyfor Meirionnydd","No Vote Recorded",""
"Selaine Saxby","Conservative","North Devon","Aye",""
"Paul Scully","Conservative","Sutton and Cheam","Aye",""
"Bob Seely","Conservative","Isle of Wight","Aye",""
"Andrew Selous","Conservative","South West Bedfordshire","Aye",""
"Naz Shah","Labour","Bradford West","No Vote Recorded",""
"Michael Shanks","Labour","Rutherglen and Hamilton West","No",""
"Jim Shannon","Democratic Unionist Party","Strangford","Aye",""
"Grant Shapps","Conservative","Welwyn Hatfield","No Vote Recorded",""
"Virendra Sharma","Labour","Ealing, Southall","No",""
"Alok Sharma","Conservative","Reading West","Aye",""
"Barry Sheerman","Labour","Huddersfield","No",""
"Alec Shelbrooke","Conservative","Elmet and Rothwell","Aye",""
"Tommy Sheppard","Scottish National Party","Edinburgh East","No Vote Recorded",""
"Tulip Siddiq","Labour","Hampstead and Kilburn","No",""
"David Simmonds","Conservative","Ruislip, Northwood and Pinner","No Vote Recorded",""
"Chris Skidmore","Conservative","Kingswood","No",""
"Andy Slaughter","Labour","Hammersmith","No Vote Recorded",""
"Alyn Smith","Scottish National Party","Stirling","No Vote Recorded",""
"Cat Smith","Labour","Lancaster and Fleetwood","No",""
"Chloe Smith","Conservative","Norwich North","Aye",""
"Greg Smith","Conservative","Buckingham","Aye",""
"Henry Smith","Conservative","Crawley","Aye",""
"Jeff Smith","Labour","Manchester, Withington","No",""
"Julian Smith","Conservative","Skipton and Ripon","No Vote Recorded",""
"Nick Smith","Labour","Blaenau Gwent","No Vote Recorded",""
"Royston Smith","Conservative","Southampton, Itchen","Aye",""
"Karin Smyth","Labour","Bristol South","No Vote Recorded",""
"Alex Sobel","Labour","Leeds North West","No",""
"Amanda Solloway","Conservative","Derby North","Aye",""
"John Spellar","Labour","Warley","No",""
"Ben Spencer","Conservative","Runnymede and Weybridge","No Vote Recorded",""
"Mark Spencer","Conservative","Sherwood","Aye",""
"Alexander Stafford","Conservative","Rother Valley","Aye",""
"Keir Starmer","Labour","Holborn and St Pancras","No Vote Recorded",""
"Chris Stephens","Scottish National Party","Glasgow South West","No Vote Recorded",""
"Andrew Stephenson","Conservative","Pendle","Aye",""
"Jo Stevens","Labour","Cardiff Central","No",""
"Jane Stevenson","Conservative","Wolverhampton North East","Aye",""
"John Stevenson","Conservative","Carlisle","Aye",""
"Bob Stewart","Conservative","Beckenham","Aye",""
"Iain Stewart","Conservative","Milton Keynes South","Aye",""
"Jamie Stone","Liberal Democrat","Caithness, Sutherland and Easter Ross","No",""
"Gary Streeter","Conservative","South West Devon","No Vote Recorded",""
"Wes Streeting","Labour","Ilford North","No Vote Recorded",""
"Mel Stride","Conservative","Central Devon","No Vote Recorded",""
"Graham Stringer","Labour","Blackley and Broughton","No",""
"Graham Stuart","Conservative","Beverley and Holderness","Aye",""
"Julian Sturdy","Conservative","York Outer","Aye",""
"Zarah Sultana","Labour","Coventry South","No",""
"Rishi Sunak","Conservative","Richmond (Yorks)","No Vote Recorded",""
"James Sunderland","Conservative","Bracknell","Aye",""
"Desmond Swayne","Conservative","New Forest West","Aye",""
"Robert Syms","Conservative","Poole","Aye",""
"Mark Tami","Labour","Alyn and Deeside","No",""
"Sam Tarry","Labour","Ilford South","No",""
"Alison Thewliss","Scottish National Party","Glasgow Central","No Vote Recorded",""
"Nick Thomas-Symonds","Labour","Torfaen","No Vote Recorded",""
"Derek Thomas","Conservative","St Ives","Aye",""
"Gareth Thomas","Labour","Harrow West","No",""
"Owen Thompson","Scottish National Party","Midlothian","No Vote Recorded",""
"Richard Thomson","Scottish National Party","Gordon","No Vote Recorded",""
"Emily Thornberry","Labour","Islington South and Finsbury","No",""
"Maggie Throup","Conservative","Erewash","Aye",""
"Stephen Timms","Labour","East Ham","No",""
"Edward Timpson","Conservative","Eddisbury","Aye",""
"Kelly Tolhurst","Conservative","Rochester and Strood","Aye",""
"Justin Tomlinson","Conservative","North Swindon","Aye",""
"Michael Tomlinson","Conservative","Mid Dorset and North Poole","Aye",""
"Craig Tracey","Conservative","North Warwickshire","No Vote Recorded",""
"Anne-Marie Trevelyan","Conservative","Berwick-upon-Tweed","No Vote Recorded",""
"Jon Trickett","Labour","Hemsworth","No Vote Recorded",""
"Laura Trott","Conservative","Sevenoaks","Aye",""
"Elizabeth Truss","Conservative","South West Norfolk","Aye",""
"Steve Tuckwell","Conservative","Uxbridge and South Ruislip","Aye",""
"Tom Tugendhat","Conservative","Tonbridge and Malling","Aye",""
"Karl Turner","Labour","Kingston upon Hull East","No",""
"Derek Twigg","Labour","Halton","No",""
"Liz Twist","Labour","Blaydon","No",""
"Shailesh Vara","Conservative","North West Cambridgeshire","Aye",""
"Valerie Vaz","Labour","Walsall South","No",""
"Martin Vickers","Conservative","Cleethorpes","Aye",""
"Matt Vickers","Conservative","Stockton South","Aye",""
"Theresa Villiers","Conservative","Chipping Barnet","Aye",""
"Christian Wakeford","Labour","Bury South","No",""
"Robin Walker","Conservative","Worcester","Aye",""
"Charles Walker","Conservative","Broxbourne","Aye",""
"Ben Wallace","Conservative","Wyre and Preston North","No Vote Recorded",""
"Jamie Wallis","Conservative","Bridgend","No Vote Recorded",""
"Matt Warman","Conservative","Boston and Skegness","Aye",""
"Giles Watling","Conservative","Clacton","Aye",""
"Suzanne Webb","Conservative","Stourbridge","No Vote Recorded",""
"Claudia Webbe","Independent","Leicester East","No",""
"Catherine West","Labour","Hornsey and Wood Green","No",""
"Andrew Western","Labour","Stretford and Urmston","No",""
"Matt Western","Labour","Warwick and Leamington","No Vote Recorded",""
"Helen Whately","Conservative","Faversham and Mid Kent","Aye","Marcus Jones"
"Heather Wheeler","Conservative","South Derbyshire","Aye",""
"Alan Whitehead","Labour","Southampton, Test","No",""
"Philippa Whitford","Scottish National Party","Central Ayrshire","No Vote Recorded",""
"Mick Whitley","Labour","Birkenhead","No Vote Recorded",""
"Craig Whittaker","Conservative","Calder Valley","Aye",""
"John Whittingdale","Conservative","Maldon","Aye",""
"Nadia Whittome","Labour","Nottingham East","No",""
"Bill Wiggin","Conservative","North Herefordshire","Aye",""
"James Wild","Conservative","North West Norfolk","Aye",""
"Craig Williams","Conservative","Montgomeryshire","Aye",""
"Hywel Williams","Plaid Cymru","Arfon","No Vote Recorded",""
"Gavin Williamson","Conservative","South Staffordshire","Aye",""
"Munira Wilson","Liberal Democrat","Twickenham","No",""
"Sammy Wilson","Democratic Unionist Party","East Antrim","Aye",""
"Beth Winter","Labour","Cynon Valley","No Vote Recorded",""
"Rosie Winterton","Deputy Speaker","Doncaster Central","No Vote Recorded",""
"Pete Wishart","Scottish National Party","Perth and North Perthshire","No Vote Recorded",""
"Mike Wood","Conservative","Dudley South","Aye",""
"William Wragg","Conservative","Hazel Grove","Aye",""
"Jeremy Wright","Conservative","Kenilworth and Southam","Aye",""
"Mohammad Yasin","Labour","Bedford","No Vote Recorded",""
"Jacob Young","Conservative","Redcar","Aye",""
"Nadhim Zahawi","Conservative","Stratford-on-Avon","Aye",""
"Daniel Zeichner","Labour","Cambridge","No",""