Division Number: 140
Division Date: 15 October 2020 - 16:31

Covert Human Intelligence Sources  (Criminal Conduct) Bill Committee of the Whole House: Amendment 16

Aye Count: 65
No Count: 311
Result: Question accordingly disagreed.

Members recorded
Member,Party,Constituency,Vote,Proxy Member
"Diane Abbott","Labour","Hackney North and Stoke Newington","No Vote Recorded",""
"Debbie Abrahams","Labour","Oldham East and Saddleworth","No Vote Recorded",""
"Nigel Adams","Conservative","Selby and Ainsty","No Vote Recorded",""
"Bim Afolami","Conservative","Hitchin and Harpenden","No",""
"Adam Afriyie","Conservative","Windsor","No",""
"Imran Ahmad Khan","Conservative","Wakefield","No",""
"Nickie Aiken","Conservative","Cities of London and Westminster","No",""
"Peter Aldous","Conservative","Waveney","No",""
"Rushanara Ali","Labour","Bethnal Green and Bow","No Vote Recorded",""
"Tahir Ali","Labour","Birmingham, Hall Green","No Vote Recorded",""
"Lucy Allan","Conservative","Telford","No",""
"Rosena Allin-Khan","Labour","Tooting","No Vote Recorded",""
"Mike Amesbury","Labour","Weaver Vale","No Vote Recorded",""
"David Amess","Conservative","Southend West","No",""
"Fleur Anderson","Labour","Putney","No Vote Recorded",""
"Lee Anderson","Conservative","Ashfield","No Vote Recorded",""
"Stuart Anderson","Conservative","Wolverhampton South West","No",""
"Stuart Andrew","Conservative","Pudsey","No",""
"Caroline Ansell","Conservative","Eastbourne","No",""
"Tonia Antoniazzi","Labour","Gower","No Vote Recorded",""
"Edward Argar","Conservative","Charnwood","No",""
"Jonathan Ashworth","Labour","Leicester South","No Vote Recorded",""
"Sarah Atherton","Conservative","Wrexham","No",""
"Victoria Atkins","Conservative","Louth and Horncastle","No",""
"Gareth Bacon","Conservative","Orpington","No",""
"Richard Bacon","Conservative","South Norfolk","No","Stuart Andrew"
"Kemi Badenoch","Conservative","Saffron Walden","No Vote Recorded",""
"Shaun Bailey","Conservative","West Bromwich West","No",""
"Siobhan Baillie","Conservative","Stroud","No","Stuart Andrew"
"Duncan Baker","Conservative","North Norfolk","No",""
"Steve Baker","Conservative","Wycombe","No",""
"Harriett Baldwin","Conservative","West Worcestershire","No Vote Recorded",""
"Steve Barclay","Conservative","North East Cambridgeshire","No Vote Recorded",""
"Hannah Bardell","Scottish National Party","Livingston","Aye","Patrick Grady"
"Paula Barker","Labour","Liverpool, Wavertree","No Vote Recorded",""
"John Baron","Conservative","Basildon and Billericay","No","Stuart Andrew"
"Simon Baynes","Conservative","Clwyd South","No",""
"Margaret Beckett","Labour","Derby South","No Vote Recorded",""
"Órfhlaith Begley","Sinn Féin","West Tyrone","No Vote Recorded",""
"Apsana Begum","Labour","Poplar and Limehouse","No Vote Recorded",""
"Aaron Bell","Conservative","Newcastle-under-Lyme","No",""
"Hilary Benn","Labour","Leeds Central","No Vote Recorded",""
"Scott Benton","Conservative","Blackpool South","No",""
"Paul Beresford","Conservative","Mole Valley","No","Stuart Andrew"
"Jake Berry","Conservative","Rossendale and Darwen","No","Stuart Andrew"
"Clive Betts","Labour","Sheffield South East","No Vote Recorded",""
"Saqib Bhatti","Conservative","Meriden","No",""
"Mhairi Black","Scottish National Party","Paisley and Renfrewshire South","Aye","Patrick Grady"
"Ian Blackford","Scottish National Party","Ross, Skye and Lochaber","Aye","Patrick Grady"
"Bob Blackman","Conservative","Harrow East","No","Stuart Andrew"
"Kirsty Blackman","Scottish National Party","Aberdeen North","Aye","Patrick Grady"
"Olivia Blake","Labour","Sheffield, Hallam","No Vote Recorded",""
"Paul Blomfield","Labour","Sheffield Central","No Vote Recorded",""
"Crispin Blunt","Conservative","Reigate","No Vote Recorded",""
"Peter Bone","Conservative","Wellingborough","No","Stuart Andrew"
"Steven Bonnar","Scottish National Party","Coatbridge, Chryston and Bellshill","Aye","Patrick Grady"
"Peter Bottomley","Conservative","Worthing West","No",""
"Andrew Bowie","Conservative","West Aberdeenshire and Kincardine","No",""
"Tracy Brabin","Labour","Batley and Spen","No Vote Recorded",""
"Ben Bradley","Conservative","Mansfield","No","Stuart Andrew"
"Karen Bradley","Conservative","Staffordshire Moorlands","No Vote Recorded",""
"Ben Bradshaw","Labour","Exeter","No Vote Recorded",""
"Mickey Brady","Sinn Féin","Newry and Armagh","No Vote Recorded",""
"Graham Brady","Conservative","Altrincham and Sale West","No",""
"Suella Braverman","Conservative","Fareham","No Vote Recorded",""
"Kevin Brennan","Labour","Cardiff West","No Vote Recorded",""
"Jack Brereton","Conservative","Stoke-on-Trent South","No",""
"Andrew Bridgen","Conservative","North West Leicestershire","No","Stuart Andrew"
"Steve Brine","Conservative","Winchester","No Vote Recorded",""
"Paul Bristow","Conservative","Peterborough","No",""
"Sara Britcliffe","Conservative","Hyndburn","No",""
"Deidre Brock","Scottish National Party","Edinburgh North and Leith","Aye",""
"James Brokenshire","Conservative","Old Bexley and Sidcup","No",""
"Alan Brown","Scottish National Party","Kilmarnock and Loudoun","Aye",""
"Nicholas Brown","Labour","Newcastle upon Tyne East","No Vote Recorded",""
"Lyn Brown","Labour","West Ham","No Vote Recorded",""
"Anthony Browne","Conservative","South Cambridgeshire","No",""
"Fiona Bruce","Conservative","Congleton","No",""
"Chris Bryant","Labour","Rhondda","No Vote Recorded",""
"Felicity Buchan","Conservative","Kensington","No",""
"Karen Buck","Labour","Westminster North","No Vote Recorded",""
"Robert Buckland","Conservative","South Swindon","No",""
"Alex Burghart","Conservative","Brentwood and Ongar","No",""
"Richard Burgon","Labour","Leeds East","No Vote Recorded",""
"Conor Burns","Conservative","Bournemouth West","No","Stuart Andrew"
"Dawn Butler","Labour","Brent Central","No Vote Recorded",""
"Rob Butler","Conservative","Aylesbury","No",""
"Ian Byrne","Labour","Liverpool, West Derby","No Vote Recorded",""
"Liam Byrne","Labour","Birmingham, Hodge Hill","No Vote Recorded",""
"Ruth Cadbury","Labour","Brentford and Isleworth","No Vote Recorded",""
"Alun Cairns","Conservative","Vale of Glamorgan","No",""
"Amy Callaghan","Scottish National Party","East Dunbartonshire","Aye","Patrick Grady"
"Lisa Cameron","Scottish National Party","East Kilbride, Strathaven and Lesmahagow","Aye",""
"Gregory Campbell","Democratic Unionist Party","East Londonderry","No Vote Recorded",""
"Alan Campbell","Labour","Tynemouth","No Vote Recorded",""
"Dan Carden","Labour","Liverpool, Walton","No Vote Recorded",""
"Alistair Carmichael","Liberal Democrat","Orkney and Shetland","Teller - Ayes",""
"Andy Carter","Conservative","Warrington South","No",""
"James Cartlidge","Conservative","South Suffolk","No",""
"William Cash","Conservative","Stone","No","Stuart Andrew"
"Miriam Cates","Conservative","Penistone and Stocksbridge","No Vote Recorded",""
"Maria Caulfield","Conservative","Lewes","No",""
"Alex Chalk","Conservative","Cheltenham","No",""
"Wendy Chamberlain","Liberal Democrat","North East Fife","Aye",""
"Sarah Champion","Labour","Rotherham","No Vote Recorded",""
"Douglas Chapman","Scottish National Party","Dunfermline and West Fife","Aye","Patrick Grady"
"Bambos Charalambous","Labour","Enfield, Southgate","No Vote Recorded",""
"Joanna Cherry","Scottish National Party","Edinburgh South West","Aye",""
"Rehman Chishti","Conservative","Gillingham and Rainham","No",""
"Christopher Chope","Conservative","Christchurch","No Vote Recorded",""
"Jo Churchill","Conservative","Bury St Edmunds","No",""
"Feryal Clark","Labour","Enfield North","No Vote Recorded",""
"Greg Clark","Conservative","Tunbridge Wells","No",""
"Brendan Clarke-Smith","Conservative","Bassetlaw","No",""
"Simon Clarke","Conservative","Middlesbrough South and East Cleveland","No","Stuart Andrew"
"Theo Clarke","Conservative","Stafford","No",""
"Chris Clarkson","Conservative","Heywood and Middleton","No","Stuart Andrew"
"James Cleverly","Conservative","Braintree","No",""
"Geoffrey Clifton-Brown","Conservative","The Cotswolds","No",""
"Thérèse Coffey","Conservative","Suffolk Coastal","No",""
"Elliot Colburn","Conservative","Carshalton and Wallington","No",""
"Damian Collins","Conservative","Folkestone and Hythe","No","Stuart Andrew"
"Daisy Cooper","Liberal Democrat","St Albans","Aye",""
"Rosie Cooper","Labour","West Lancashire","No Vote Recorded",""
"Yvette Cooper","Labour","Normanton, Pontefract and Castleford","No Vote Recorded",""
"Jeremy Corbyn","Labour","Islington North","No Vote Recorded",""
"Alberto Costa","Conservative","South Leicestershire","No",""
"Robert Courts","Conservative","Witney","No",""
"Claire Coutinho","Conservative","East Surrey","No",""
"Ronnie Cowan","Scottish National Party","Inverclyde","Aye","Patrick Grady"
"Geoffrey Cox","Conservative","Torridge and West Devon","No","Stuart Andrew"
"Neil Coyle","Labour","Bermondsey and Old Southwark","No Vote Recorded",""
"Stephen Crabb","Conservative","Preseli Pembrokeshire","No",""
"Angela Crawley","Scottish National Party","Lanark and Hamilton East","Aye","Patrick Grady"
"Stella Creasy","Labour","Walthamstow","No Vote Recorded",""
"Virginia Crosbie","Conservative","Ynys Môn","No",""
"Tracey Crouch","Conservative","Chatham and Aylesford","No","Rebecca Harris"
"Jon Cruddas","Labour","Dagenham and Rainham","No Vote Recorded",""
"John Cryer","Labour","Leyton and Wanstead","No Vote Recorded",""
"Judith Cummins","Labour","Bradford South","No Vote Recorded",""
"Alex Cunningham","Labour","Stockton North","No Vote Recorded",""
"Janet Daby","Labour","Lewisham East","No Vote Recorded",""
"James Daly","Conservative","Bury North","No",""
"Ed Davey","Liberal Democrat","Kingston and Surbiton","Aye",""
"Wayne David","Labour","Caerphilly","No Vote Recorded",""
"Alex Davies-Jones","Labour","Pontypridd","No Vote Recorded",""
"David T C Davies","Conservative","Monmouth","No",""
"James Davies","Conservative","Vale of Clwyd","No","Stuart Andrew"
"Gareth Davies","Conservative","Grantham and Stamford","No",""
"Geraint Davies","Labour","Swansea West","No Vote Recorded",""
"Mims Davies","Conservative","Mid Sussex","No",""
"Philip Davies","Conservative","Shipley","No",""
"David Davis","Conservative","Haltemprice and Howden","Aye",""
"Dehenna Davison","Conservative","Bishop Auckland","No",""
"Martyn Day","Scottish National Party","Linlithgow and East Falkirk","Aye","Patrick Grady"
"Marsha De Cordova","Labour","Battersea","No Vote Recorded",""
"Thangam Debbonaire","Labour","Bristol West","No Vote Recorded",""
"Tanmanjeet Singh Dhesi","Labour","Slough","No Vote Recorded",""
"Caroline Dinenage","Conservative","Gosport","No Vote Recorded",""
"Sarah Dines","Conservative","Derbyshire Dales","No",""
"Jonathan Djanogly","Conservative","Huntingdon","No",""
"Martin Docherty-Hughes","Scottish National Party","West Dunbartonshire","Aye",""
"Leo Docherty","Conservative","Aldershot","No",""
"Anneliese Dodds","Labour","Oxford East","No Vote Recorded",""
"Jeffrey M Donaldson","Democratic Unionist Party","Lagan Valley","No Vote Recorded",""
"Michelle Donelan","Conservative","Chippenham","No",""
"Dave Doogan","Scottish National Party","Angus","Aye",""
"Allan Dorans","Scottish National Party","Ayr, Carrick and Cumnock","Aye","Patrick Grady"
"Nadine Dorries","Conservative","Mid Bedfordshire","No","Stuart Andrew"
"Steve Double","Conservative","St Austell and Newquay","No",""
"Stephen Doughty","Labour","Cardiff South and Penarth","No Vote Recorded",""
"Peter Dowd","Labour","Bootle","No Vote Recorded",""
"Oliver Dowden","Conservative","Hertsmere","No Vote Recorded",""
"Jackie Doyle-Price","Conservative","Thurrock","No",""
"Richard Drax","Conservative","South Dorset","No",""
"Jack Dromey","Labour","Birmingham, Erdington","No Vote Recorded",""
"Flick Drummond","Conservative","Meon Valley","No",""
"James Duddridge","Conservative","Rochford and Southend East","No",""
"Rosie Duffield","Labour","Canterbury","No Vote Recorded",""
"David Duguid","Conservative","Banff and Buchan","Teller - Noes",""
"Iain Duncan Smith","Conservative","Chingford and Woodford Green","No",""
"Philip Dunne","Conservative","Ludlow","No","Jeremy Hunt"
"Maria Eagle","Labour","Garston and Halewood","No Vote Recorded",""
"Angela Eagle","Labour","Wallasey","No Vote Recorded",""
"Colum Eastwood","Social Democratic & Labour Party","Foyle","Aye",""
"Mark Eastwood","Conservative","Dewsbury","No",""
"Jonathan Edwards","Independent","Carmarthen East and Dinefwr","Aye",""
"Ruth Edwards","Conservative","Rushcliffe","No","Stuart Andrew"
"Clive Efford","Labour","Eltham","No Vote Recorded",""
"Julie Elliott","Labour","Sunderland Central","No Vote Recorded",""
"Michael Ellis","Conservative","Northampton North","No",""
"Tobias Ellwood","Conservative","Bournemouth East","No",""
"Chris Elmore","Labour","Ogmore","No Vote Recorded",""
"Natalie Elphicke","Conservative","Dover","No",""
"Florence Eshalomi","Labour","Vauxhall","No Vote Recorded",""
"Bill Esterson","Labour","Sefton Central","No Vote Recorded",""
"George Eustice","Conservative","Camborne and Redruth","No",""
"Chris Evans","Labour","Islwyn","No Vote Recorded",""
"Luke Evans","Conservative","Bosworth","No",""
"Nigel Evans","Deputy Speaker","Ribble Valley","No Vote Recorded",""
"David Evennett","Conservative","Bexleyheath and Crayford","No","Stuart Andrew"
"Ben Everitt","Conservative","Milton Keynes North","No",""
"Michael Fabricant","Conservative","Lichfield","No","Stuart Andrew"
"Laura Farris","Conservative","Newbury","No Vote Recorded",""
"Tim Farron","Liberal Democrat","Westmorland and Lonsdale","Aye",""
"Stephen Farry","Alliance","North Down","Aye","Wendy Chamberlain"
"Simon Fell","Conservative","Barrow and Furness","No",""
"Marion Fellows","Scottish National Party","Motherwell and Wishaw","Aye","Patrick Grady"
"Margaret Ferrier","Independent","Rutherglen and Hamilton West","Aye","Jonathan Edwards"
"John Finucane","Sinn Féin","Belfast North","No Vote Recorded",""
"Colleen Fletcher","Labour","Coventry North East","No Vote Recorded",""
"Katherine Fletcher","Conservative","South Ribble","No","Stuart Andrew"
"Mark Fletcher","Conservative","Bolsover","No",""
"Nick Fletcher","Conservative","Don Valley","No",""
"Stephen Flynn","Scottish National Party","Aberdeen South","Aye","Patrick Grady"
"Vicky Ford","Conservative","Chelmsford","No",""
"Kevin Foster","Conservative","Torbay","No",""
"Yvonne Fovargue","Labour","Makerfield","No Vote Recorded",""
"Liam Fox","Conservative","North Somerset","No Vote Recorded",""
"Vicky Foxcroft","Labour","Lewisham, Deptford","No Vote Recorded",""
"Mary Kelly Foy","Labour","City of Durham","No Vote Recorded",""
"Mark Francois","Conservative","Rayleigh and Wickford","No","Stuart Andrew"
"Lucy Frazer","Conservative","South East Cambridgeshire","No",""
"George Freeman","Conservative","Mid Norfolk","No","Bim Afolami"
"Mike Freer","Conservative","Finchley and Golders Green","No",""
"Richard Fuller","Conservative","North East Bedfordshire","No",""
"Gill Furniss","Labour","Sheffield, Brightside and Hillsborough","No Vote Recorded",""
"Marcus Fysh","Conservative","Yeovil","No","Stuart Andrew"
"Roger Gale","Conservative","North Thanet","No","David Rutley"
"Barry Gardiner","Labour","Brent North","No Vote Recorded",""
"Mark Garnier","Conservative","Wyre Forest","No Vote Recorded",""
"Nusrat Ghani","Conservative","Wealden","No",""
"Nick Gibb","Conservative","Bognor Regis and Littlehampton","No",""
"Patricia Gibson","Scottish National Party","North Ayrshire and Arran","Aye","Patrick Grady"
"Peter Gibson","Conservative","Darlington","No",""
"Jo Gideon","Conservative","Stoke-on-Trent Central","No",""
"Michelle Gildernew","Sinn Féin","Fermanagh and South Tyrone","No Vote Recorded",""
"Preet Kaur Gill","Labour","Birmingham, Edgbaston","No Vote Recorded",""
"Cheryl Gillan","Conservative","Chesham and Amersham","No","Stuart Andrew"
"Paul Girvan","Democratic Unionist Party","South Antrim","No Vote Recorded",""
"John Glen","Conservative","Salisbury","No",""
"Mary Glindon","Labour","North Tyneside","No Vote Recorded",""
"Robert Goodwill","Conservative","Scarborough and Whitby","No",""
"Michael Gove","Conservative","Surrey Heath","No Vote Recorded",""
"Patrick Grady","Scottish National Party","Glasgow North","Aye",""
"Richard Graham","Conservative","Gloucester","No",""
"Helen Grant","Conservative","Maidstone and The Weald","No","Stuart Andrew"
"Peter Grant","Scottish National Party","Glenrothes","Aye","Patrick Grady"
"James Gray","Conservative","North Wiltshire","No Vote Recorded",""
"Neil Gray","Scottish National Party","Airdrie and Shotts","Aye","Patrick Grady"
"Chris Grayling","Conservative","Epsom and Ewell","No Vote Recorded",""
"Chris Green","Conservative","Bolton West","No",""
"Damian Green","Conservative","Ashford","No",""
"Kate Green","Labour","Stretford and Urmston","No Vote Recorded",""
"Lilian Greenwood","Labour","Nottingham South","No Vote Recorded",""
"Margaret Greenwood","Labour","Wirral West","No Vote Recorded",""
"Andrew Griffith","Conservative","Arundel and South Downs","No",""
"Nia Griffith","Labour","Llanelli","No Vote Recorded",""
"Kate Griffiths","Conservative","Burton","No",""
"James Grundy","Conservative","Leigh","No",""
"Jonathan Gullis","Conservative","Stoke-on-Trent North","No",""
"Andrew Gwynne","Labour","Denton and Reddish","No Vote Recorded",""
"Louise Haigh","Labour","Sheffield, Heeley","No Vote Recorded",""
"Robert Halfon","Conservative","Harlow","No",""
"Luke Hall","Conservative","Thornbury and Yate","No",""
"Fabian Hamilton","Labour","Leeds North East","No Vote Recorded",""
"Stephen Hammond","Conservative","Wimbledon","No",""
"Matt Hancock","Conservative","West Suffolk","No Vote Recorded",""
"Greg Hands","Conservative","Chelsea and Fulham","No",""
"Claire Hanna","Social Democratic & Labour Party","Belfast South","Aye","Liz Saville Roberts"
"Neale Hanvey","Scottish National Party","Kirkcaldy and Cowdenbeath","Aye","Patrick Grady"
"Emma Hardy","Labour","Kingston upon Hull West and Hessle","No Vote Recorded",""
"Harriet Harman","Labour","Camberwell and Peckham","No Vote Recorded",""
"Mark Harper","Conservative","Forest of Dean","No",""
"Carolyn Harris","Labour","Swansea East","No Vote Recorded",""
"Rebecca Harris","Conservative","Castle Point","No",""
"Trudy Harrison","Conservative","Copeland","No",""
"Sally-Ann Hart","Conservative","Hastings and Rye","No",""
"Simon Hart","Conservative","Carmarthen West and South Pembrokeshire","No",""
"Helen Hayes","Labour","Dulwich and West Norwood","No Vote Recorded",""
"John Hayes","Conservative","South Holland and The Deepings","No",""
"Chris Hazzard","Sinn Féin","South Down","No Vote Recorded",""
"Oliver Heald","Conservative","North East Hertfordshire","No","Stuart Andrew"
"John Healey","Labour","Wentworth and Dearne","No Vote Recorded",""
"James Heappey","Conservative","Wells","No Vote Recorded",""
"Chris Heaton-Harris","Conservative","Daventry","No",""
"Gordon Henderson","Conservative","Sittingbourne and Sheppey","No",""
"Mark Hendrick","Labour","Preston","No Vote Recorded",""
"Drew Hendry","Scottish National Party","Inverness, Nairn, Badenoch and Strathspey","Aye","Patrick Grady"
"Darren Henry","Conservative","Broxtowe","No",""
"Antony Higginbotham","Conservative","Burnley","No",""
"Mike Hill","Labour","Hartlepool","No Vote Recorded",""
"Meg Hillier","Labour","Hackney South and Shoreditch","No Vote Recorded",""
"Damian Hinds","Conservative","East Hampshire","No",""
"Simon Hoare","Conservative","North Dorset","No","Fay Jones"
"Wera Hobhouse","Liberal Democrat","Bath","No Vote Recorded",""
"Margaret Hodge","Labour","Barking","No Vote Recorded",""
"Sharon Hodgson","Labour","Washington and Sunderland West","No Vote Recorded",""
"Richard Holden","Conservative","North West Durham","No",""
"Kate Hollern","Labour","Blackburn","No Vote Recorded",""
"Kevin Hollinrake","Conservative","Thirsk and Malton","No",""
"Philip Hollobone","Conservative","Kettering","No",""
"Adam Holloway","Conservative","Gravesham","No","Maria Caulfield"
"Paul Holmes","Conservative","Eastleigh","No",""
"Rachel Hopkins","Labour","Luton South","No Vote Recorded",""
"Stewart Hosie","Scottish National Party","Dundee East","Aye",""
"George Howarth","Labour","Knowsley","No Vote Recorded",""
"John Howell","Conservative","Henley","No",""
"Paul Howell","Conservative","Sedgefield","No",""
"Lindsay Hoyle","Speaker","Chorley","No Vote Recorded",""
"Nigel Huddleston","Conservative","Mid Worcestershire","No",""
"Neil Hudson","Conservative","Penrith and The Border","No","Stuart Andrew"
"Eddie Hughes","Conservative","Walsall North","No",""
"Jane Hunt","Conservative","Loughborough","No",""
"Jeremy Hunt","Conservative","South West Surrey","No",""
"Tom Hunt","Conservative","Ipswich","No",""
"Rupa Huq","Labour","Ealing Central and Acton","No Vote Recorded",""
"Imran Hussain","Labour","Bradford East","No Vote Recorded",""
"Alister Jack","Conservative","Dumfries and Galloway","No Vote Recorded",""
"Christine Jardine","Liberal Democrat","Edinburgh West","Teller - Ayes",""
"Dan Jarvis","Labour","Barnsley Central","No Vote Recorded",""
"Sajid Javid","Conservative","Bromsgrove","No Vote Recorded",""
"Ranil Jayawardena","Conservative","North East Hampshire","No","Stuart Andrew"
"Bernard Jenkin","Conservative","Harwich and North Essex","No",""
"Mark Jenkinson","Conservative","Workington","No",""
"Andrea Jenkyns","Conservative","Morley and Outwood","No","Stuart Andrew"
"Robert Jenrick","Conservative","Newark","No Vote Recorded",""
"Boris Johnson","Conservative","Uxbridge and South Ruislip","No Vote Recorded",""
"Diana Johnson","Labour","Kingston upon Hull North","No Vote Recorded",""
"Caroline Johnson","Conservative","Sleaford and North Hykeham","No",""
"Gareth Johnson","Conservative","Dartford","No",""
"Kim Johnson","Labour","Liverpool, Riverside","No Vote Recorded",""
"David Johnston","Conservative","Wantage","No",""
"Andrew Jones","Conservative","Harrogate and Knaresborough","No",""
"Darren Jones","Labour","Bristol North West","No Vote Recorded",""
"Fay Jones","Conservative","Brecon and Radnorshire","No",""
"Gerald Jones","Labour","Merthyr Tydfil and Rhymney","No Vote Recorded",""
"David Jones","Conservative","Clwyd West","No",""
"Kevan Jones","Labour","North Durham","No Vote Recorded",""
"Marcus Jones","Conservative","Nuneaton","No",""
"Ruth Jones","Labour","Newport West","No Vote Recorded",""
"Sarah Jones","Labour","Croydon Central","No Vote Recorded",""
"Simon Jupp","Conservative","East Devon","No","Stuart Andrew"
"Mike Kane","Labour","Wythenshawe and Sale East","No Vote Recorded",""
"Daniel Kawczynski","Conservative","Shrewsbury and Atcham","No",""
"Alicia Kearns","Conservative","Rutland and Melton","No","Stuart Andrew"
"Gillian Keegan","Conservative","Chichester","No Vote Recorded",""
"Barbara Keeley","Labour","Worsley and Eccles South","No Vote Recorded",""
"Liz Kendall","Labour","Leicester West","No Vote Recorded",""
"Afzal Khan","Labour","Manchester, Gorton","No Vote Recorded",""
"Stephen Kinnock","Labour","Aberavon","No Vote Recorded",""
"Julian Knight","Conservative","Solihull","No","Stuart Andrew"
"Greg Knight","Conservative","East Yorkshire","No","Stuart Andrew"
"Danny Kruger","Conservative","Devizes","No",""
"Kwasi Kwarteng","Conservative","Spelthorne","No Vote Recorded",""
"Peter Kyle","Labour","Hove","No Vote Recorded",""
"Eleanor Laing","Deputy Speaker","Epping Forest","No Vote Recorded",""
"Ben Lake","Plaid Cymru","Ceredigion","Aye",""
"David Lammy","Labour","Tottenham","No Vote Recorded",""
"John Lamont","Conservative","Berwickshire, Roxburgh and Selkirk","No","Stuart Andrew"
"Robert Largan","Conservative","High Peak","No",""
"Pauline Latham","Conservative","Mid Derbyshire","No","William Wragg"
"Ian Lavery","Labour","Wansbeck","No Vote Recorded",""
"Chris Law","Scottish National Party","Dundee West","Aye","Patrick Grady"
"Andrea Leadsom","Conservative","South Northamptonshire","No Vote Recorded",""
"Edward Leigh","Conservative","Gainsborough","No Vote Recorded",""
"Ian Levy","Conservative","Blyth Valley","No",""
"Emma Lewell-Buck","Labour","South Shields","No Vote Recorded",""
"Andrew Lewer","Conservative","Northampton South","No",""
"Brandon Lewis","Conservative","Great Yarmouth","No",""
"Clive Lewis","Labour","Norwich South","No Vote Recorded",""
"Julian Lewis","Independent","New Forest East","No",""
"Ian Liddell-Grainger","Conservative","Bridgwater and West Somerset","No","Stuart Andrew"
"David Linden","Scottish National Party","Glasgow East","Aye",""
"Tony Lloyd","Labour","Rochdale","No Vote Recorded",""
"Carla Lockhart","Democratic Unionist Party","Upper Bann","No Vote Recorded",""
"Chris Loder","Conservative","West Dorset","No",""
"Mark Logan","Conservative","Bolton North East","No",""
"Rebecca Long Bailey","Labour","Salford and Eccles","No Vote Recorded",""
"Marco Longhi","Conservative","Dudley North","No",""
"Julia Lopez","Conservative","Hornchurch and Upminster","No",""
"Jack Lopresti","Conservative","Filton and Bradley Stoke","No Vote Recorded",""
"Jonathan Lord","Conservative","Woking","No","Stuart Andrew"
"Tim Loughton","Conservative","East Worthing and Shoreham","No",""
"Caroline Lucas","Green Party","Brighton, Pavilion","No Vote Recorded",""
"Holly Lynch","Labour","Halifax","No Vote Recorded",""
"Kenny MacAskill","Scottish National Party","East Lothian","Aye","Patrick Grady"
"Craig Mackinlay","Conservative","South Thanet","No",""
"Cherilyn Mackrory","Conservative","Truro and Falmouth","No Vote Recorded",""
"Rachel Maclean","Conservative","Redditch","No",""
"Angus Brendan MacNeil","Scottish National Party","Na h-Eileanan an Iar","Aye","Patrick Grady"
"Justin Madders","Labour","Ellesmere Port and Neston","No Vote Recorded",""
"Khalid Mahmood","Labour","Birmingham, Perry Barr","No Vote Recorded",""
"Shabana Mahmood","Labour","Birmingham, Ladywood","No Vote Recorded",""
"Alan Mak","Conservative","Havant","No",""
"Seema Malhotra","Labour","Feltham and Heston","No Vote Recorded",""
"Kit Malthouse","Conservative","North West Hampshire","No",""
"Anthony Mangnall","Conservative","Totnes","No",""
"Scott Mann","Conservative","North Cornwall","No",""
"Julie Marson","Conservative","Hertford and Stortford","No",""
"Rachael Maskell","Labour","York Central","No Vote Recorded",""
"Paul Maskey","Sinn Féin","Belfast West","No Vote Recorded",""
"Christian Matheson","Labour","City of Chester","No Vote Recorded",""
"Theresa May","Conservative","Maidenhead","No Vote Recorded",""
"Jerome Mayhew","Conservative","Broadland","No",""
"Paul Maynard","Conservative","Blackpool North and Cleveleys","No",""
"Steve McCabe","Labour","Birmingham, Selly Oak","No Vote Recorded",""
"Kerry McCarthy","Labour","Bristol East","No Vote Recorded",""
"Jason McCartney","Conservative","Colne Valley","No",""
"Karl McCartney","Conservative","Lincoln","No","Stuart Andrew"
"Siobhain McDonagh","Labour","Mitcham and Morden","No Vote Recorded",""
"Andy McDonald","Labour","Middlesbrough","No Vote Recorded",""
"Stewart Malcolm McDonald","Scottish National Party","Glasgow South","Aye","Patrick Grady"
"Stuart C McDonald","Scottish National Party","Cumbernauld, Kilsyth and Kirkintilloch East","Aye","Patrick Grady"
"John McDonnell","Labour","Hayes and Harlington","No Vote Recorded",""
"Pat McFadden","Labour","Wolverhampton South East","No Vote Recorded",""
"Conor McGinn","Labour","St Helens North","No Vote Recorded",""
"Alison McGovern","Labour","Wirral South","No Vote Recorded",""
"Catherine McKinnell","Labour","Newcastle upon Tyne North","No Vote Recorded",""
"Anne McLaughlin","Scottish National Party","Glasgow North East","Aye","Patrick Grady"
"Jim McMahon","Labour","Oldham West and Royton","No Vote Recorded",""
"Anna McMorrin","Labour","Cardiff North","No Vote Recorded",""
"John McNally","Scottish National Party","Falkirk","Aye","Patrick Grady"
"Stephen McPartland","Conservative","Stevenage","No Vote Recorded",""
"Esther McVey","Conservative","Tatton","No",""
"Ian Mearns","Labour","Gateshead","No Vote Recorded",""
"Mark Menzies","Conservative","Fylde","No","Stuart Andrew"
"Johnny Mercer","Conservative","Plymouth, Moor View","No Vote Recorded",""
"Huw Merriman","Conservative","Bexhill and Battle","No",""
"Stephen Metcalfe","Conservative","South Basildon and East Thurrock","No","Stuart Andrew"
"Edward Miliband","Labour","Doncaster North","No Vote Recorded",""
"Robin Millar","Conservative","Aberconwy","No",""
"Maria Miller","Conservative","Basingstoke","No",""
"Amanda Milling","Conservative","Cannock Chase","No Vote Recorded",""
"Nigel Mills","Conservative","Amber Valley","No","Stuart Andrew"
"Navendu Mishra","Labour","Stockport","No Vote Recorded",""
"Andrew Mitchell","Conservative","Sutton Coldfield","No",""
"Gagan Mohindra","Conservative","South West Hertfordshire","No",""
"Francie Molloy","Sinn Féin","Mid Ulster","No Vote Recorded",""
"Carol Monaghan","Scottish National Party","Glasgow North West","Aye","Patrick Grady"
"Damien Moore","Conservative","Southport","No",""
"Robbie Moore","Conservative","Keighley","No",""
"Layla Moran","Liberal Democrat","Oxford West and Abingdon","Aye",""
"Penny Mordaunt","Conservative","Portsmouth North","No Vote Recorded",""
"Jessica Morden","Labour","Newport East","No Vote Recorded",""
"Stephen Morgan","Labour","Portsmouth South","No Vote Recorded",""
"Anne Marie Morris","Conservative","Newton Abbot","No","Stuart Andrew"
"David Morris","Conservative","Morecambe and Lunesdale","No","Stuart Andrew"
"Grahame Morris","Labour","Easington","No Vote Recorded",""
"James Morris","Conservative","Halesowen and Rowley Regis","No",""
"Joy Morrissey","Conservative","Beaconsfield","No",""
"Wendy Morton","Conservative","Aldridge-Brownhills","No Vote Recorded",""
"Kieran Mullan","Conservative","Crewe and Nantwich","No",""
"Holly Mumby-Croft","Conservative","Scunthorpe","No",""
"David Mundell","Conservative","Dumfriesshire, Clydesdale and Tweeddale","No Vote Recorded",""
"Ian Murray","Labour","Edinburgh South","No Vote Recorded",""
"James Murray","Labour","Ealing North","No Vote Recorded",""
"Sheryll Murray","Conservative","South East Cornwall","No",""
"Andrew Murrison","Conservative","South West Wiltshire","No",""
"Lisa Nandy","Labour","Wigan","No Vote Recorded",""
"Robert Neill","Conservative","Bromley and Chislehurst","No Vote Recorded",""
"Gavin Newlands","Scottish National Party","Paisley and Renfrewshire North","Aye","Patrick Grady"
"Charlotte Nichols","Labour","Warrington North","No Vote Recorded",""
"Lia Nici","Conservative","Great Grimsby","No",""
"John Nicolson","Scottish National Party","Ochil and South Perthshire","Aye","Patrick Grady"
"Caroline Nokes","Conservative","Romsey and Southampton North","No Vote Recorded",""
"Jesse Norman","Conservative","Hereford and South Herefordshire","No",""
"Alex Norris","Labour","Nottingham North","No Vote Recorded",""
"Neil O'Brien","Conservative","Harborough","No",""
"Brendan O'Hara","Scottish National Party","Argyll and Bute","Aye","Patrick Grady"
"Matthew Offord","Conservative","Hendon","No","Rebecca Harris"
"Sarah Olney","Liberal Democrat","Richmond Park","Aye",""
"Chi Onwurah","Labour","Newcastle upon Tyne Central","No Vote Recorded",""
"Guy Opperman","Conservative","Hexham","No","Stuart Andrew"
"Abena Oppong-Asare","Labour","Erith and Thamesmead","No Vote Recorded",""
"Kate Osamor","Labour","Edmonton","No Vote Recorded",""
"Kate Osborne","Labour","Jarrow","No Vote Recorded",""
"Kirsten Oswald","Scottish National Party","East Renfrewshire","Aye","Patrick Grady"
"Taiwo Owatemi","Labour","Coventry North West","No Vote Recorded",""
"Sarah Owen","Labour","Luton North","No Vote Recorded",""
"Ian Paisley","Democratic Unionist Party","North Antrim","No Vote Recorded",""
"Neil Parish","Conservative","Tiverton and Honiton","No",""
"Priti Patel","Conservative","Witham","No",""
"Owen Paterson","Conservative","North Shropshire","No","Stuart Andrew"
"Mark Pawsey","Conservative","Rugby","No",""
"Stephanie Peacock","Labour","Barnsley East","No Vote Recorded",""
"Mike Penning","Conservative","Hemel Hempstead","No","Stuart Andrew"
"Matthew Pennycook","Labour","Greenwich and Woolwich","No Vote Recorded",""
"John Penrose","Conservative","Weston-super-Mare","No",""
"Andrew Percy","Conservative","Brigg and Goole","No",""
"Toby Perkins","Labour","Chesterfield","No Vote Recorded",""
"Jess Phillips","Labour","Birmingham, Yardley","No Vote Recorded",""
"Bridget Phillipson","Labour","Houghton and Sunderland South","No Vote Recorded",""
"Chris Philp","Conservative","Croydon South","No",""
"Christopher Pincher","Conservative","Tamworth","No",""
"Luke Pollard","Labour","Plymouth, Sutton and Devonport","No Vote Recorded",""
"Dan Poulter","Conservative","Central Suffolk and North Ipswich","No","Peter Aldous"
"Rebecca Pow","Conservative","Taunton Deane","No",""
"Lucy Powell","Labour","Manchester Central","No Vote Recorded",""
"Victoria Prentis","Conservative","Banbury","No Vote Recorded",""
"Mark Pritchard","Conservative","The Wrekin","No",""
"Tom Pursglove","Conservative","Corby","No",""
"Jeremy Quin","Conservative","Horsham","No",""
"Will Quince","Conservative","Colchester","No",""
"Yasmin Qureshi","Labour","Bolton South East","No Vote Recorded",""
"Dominic Raab","Conservative","Esher and Walton","No Vote Recorded",""
"Tom Randall","Conservative","Gedling","No",""
"Angela Rayner","Labour","Ashton-under-Lyne","No Vote Recorded",""
"John Redwood","Conservative","Wokingham","No",""
"Steve Reed","Labour","Croydon North","No Vote Recorded",""
"Jacob Rees-Mogg","Conservative","North East Somerset","No",""
"Christina Rees","Labour","Neath","No Vote Recorded",""
"Ellie Reeves","Labour","Lewisham West and Penge","No Vote Recorded",""
"Rachel Reeves","Labour","Leeds West","No Vote Recorded",""
"Jonathan Reynolds","Labour","Stalybridge and Hyde","No Vote Recorded",""
"Bell Ribeiro-Addy","Labour","Streatham","No Vote Recorded",""
"Nicola Richards","Conservative","West Bromwich East","No",""
"Angela Richardson","Conservative","Guildford","No",""
"Marie Rimmer","Labour","St Helens South and Whiston","No Vote Recorded",""
"Rob Roberts","Conservative","Delyn","No Vote Recorded",""
"Laurence Robertson","Conservative","Tewkesbury","No",""
"Gavin Robinson","Democratic Unionist Party","Belfast East","Aye",""
"Mary Robinson","Conservative","Cheadle","No",""
"Matt Rodda","Labour","Reading East","No Vote Recorded",""
"Andrew Rosindell","Conservative","Romford","No",""
"Douglas Ross","Conservative","Moray","No Vote Recorded",""
"Lee Rowley","Conservative","North East Derbyshire","No",""
"Lloyd Russell-Moyle","Labour","Brighton, Kemptown","No Vote Recorded",""
"Dean Russell","Conservative","Watford","No",""
"David Rutley","Conservative","Macclesfield","No",""
"Gary Sambrook","Conservative","Birmingham, Northfield","No",""
"Liz Saville Roberts","Plaid Cymru","Dwyfor Meirionnydd","Aye",""
"Selaine Saxby","Conservative","North Devon","No","Stuart Andrew"
"Paul Scully","Conservative","Sutton and Cheam","No",""
"Bob Seely","Conservative","Isle of Wight","No","Stuart Andrew"
"Andrew Selous","Conservative","South West Bedfordshire","No",""
"Naz Shah","Labour","Bradford West","No Vote Recorded",""
"Jim Shannon","Democratic Unionist Party","Strangford","Aye",""
"Grant Shapps","Conservative","Welwyn Hatfield","No",""
"Alok Sharma","Conservative","Reading West","No",""
"Virendra Sharma","Labour","Ealing, Southall","No Vote Recorded",""
"Barry Sheerman","Labour","Huddersfield","No Vote Recorded",""
"Alec Shelbrooke","Conservative","Elmet and Rothwell","No","Stuart Andrew"
"Tommy Sheppard","Scottish National Party","Edinburgh East","Aye","Patrick Grady"
"Tulip Siddiq","Labour","Hampstead and Kilburn","No Vote Recorded",""
"David Simmonds","Conservative","Ruislip, Northwood and Pinner","No",""
"Chris Skidmore","Conservative","Kingswood","No",""
"Andy Slaughter","Labour","Hammersmith","No Vote Recorded",""
"Alyn Smith","Scottish National Party","Stirling","Aye",""
"Cat Smith","Labour","Lancaster and Fleetwood","No Vote Recorded",""
"Chloe Smith","Conservative","Norwich North","No","Stuart Andrew"
"Greg Smith","Conservative","Buckingham","No",""
"Henry Smith","Conservative","Crawley","No","Stuart Andrew"
"Jeff Smith","Labour","Manchester, Withington","No Vote Recorded",""
"Julian Smith","Conservative","Skipton and Ripon","No",""
"Nick Smith","Labour","Blaenau Gwent","No Vote Recorded",""
"Royston Smith","Conservative","Southampton, Itchen","No",""
"Karin Smyth","Labour","Bristol South","No Vote Recorded",""
"Alex Sobel","Labour","Leeds North West","No Vote Recorded",""
"Amanda Solloway","Conservative","Derby North","No",""
"John Spellar","Labour","Warley","No Vote Recorded",""
"Ben Spencer","Conservative","Runnymede and Weybridge","No",""
"Mark Spencer","Conservative","Sherwood","No",""
"Alexander Stafford","Conservative","Rother Valley","No",""
"Keir Starmer","Labour","Holborn and St Pancras","No Vote Recorded",""
"Chris Stephens","Scottish National Party","Glasgow South West","Aye",""
"Andrew Stephenson","Conservative","Pendle","No","Stuart Andrew"
"Jo Stevens","Labour","Cardiff Central","No Vote Recorded",""
"Jane Stevenson","Conservative","Wolverhampton North East","No",""
"John Stevenson","Conservative","Carlisle","No",""
"Bob Stewart","Conservative","Beckenham","No",""
"Iain Stewart","Conservative","Milton Keynes South","No",""
"Jamie Stone","Liberal Democrat","Caithness, Sutherland and Easter Ross","Aye","Wendy Chamberlain"
"Gary Streeter","Conservative","South West Devon","No","Stuart Andrew"
"Wes Streeting","Labour","Ilford North","No Vote Recorded",""
"Mel Stride","Conservative","Central Devon","No","Stuart Andrew"
"Graham Stringer","Labour","Blackley and Broughton","No Vote Recorded",""
"Graham Stuart","Conservative","Beverley and Holderness","No Vote Recorded",""
"Julian Sturdy","Conservative","York Outer","No",""
"Zarah Sultana","Labour","Coventry South","No Vote Recorded",""
"Rishi Sunak","Conservative","Richmond (Yorks)","No Vote Recorded",""
"James Sunderland","Conservative","Bracknell","No",""
"Desmond Swayne","Conservative","New Forest West","No",""
"Robert Syms","Conservative","Poole","No",""
"Mark Tami","Labour","Alyn and Deeside","No Vote Recorded",""
"Sam Tarry","Labour","Ilford South","No Vote Recorded",""
"Alison Thewliss","Scottish National Party","Glasgow Central","Aye","Patrick Grady"
"Nick Thomas-Symonds","Labour","Torfaen","No Vote Recorded",""
"Derek Thomas","Conservative","St Ives","No",""
"Gareth Thomas","Labour","Harrow West","No Vote Recorded",""
"Owen Thompson","Scottish National Party","Midlothian","No Vote Recorded",""
"Richard Thomson","Scottish National Party","Gordon","Aye","Patrick Grady"
"Emily Thornberry","Labour","Islington South and Finsbury","No Vote Recorded",""
"Maggie Throup","Conservative","Erewash","Teller - Noes",""
"Stephen Timms","Labour","East Ham","No Vote Recorded",""
"Edward Timpson","Conservative","Eddisbury","No",""
"Kelly Tolhurst","Conservative","Rochester and Strood","No",""
"Justin Tomlinson","Conservative","North Swindon","No",""
"Michael Tomlinson","Conservative","Mid Dorset and North Poole","No",""
"Craig Tracey","Conservative","North Warwickshire","No",""
"Anne-Marie Trevelyan","Conservative","Berwick-upon-Tweed","No Vote Recorded",""
"Jon Trickett","Labour","Hemsworth","No Vote Recorded",""
"Laura Trott","Conservative","Sevenoaks","No",""
"Elizabeth Truss","Conservative","South West Norfolk","No",""
"Tom Tugendhat","Conservative","Tonbridge and Malling","No",""
"Karl Turner","Labour","Kingston upon Hull East","No Vote Recorded",""
"Derek Twigg","Labour","Halton","No Vote Recorded",""
"Liz Twist","Labour","Blaydon","No Vote Recorded",""
"Shailesh Vara","Conservative","North West Cambridgeshire","No",""
"Valerie Vaz","Labour","Walsall South","No Vote Recorded",""
"Martin Vickers","Conservative","Cleethorpes","No",""
"Matt Vickers","Conservative","Stockton South","No",""
"Theresa Villiers","Conservative","Chipping Barnet","No",""
"Christian Wakeford","Conservative","Bury South","No",""
"Robin Walker","Conservative","Worcester","No Vote Recorded",""
"Charles Walker","Conservative","Broxbourne","No",""
"Ben Wallace","Conservative","Wyre and Preston North","No Vote Recorded",""
"Jamie Wallis","Conservative","Bridgend","No","Stuart Andrew"
"David Warburton","Conservative","Somerton and Frome","No",""
"Matt Warman","Conservative","Boston and Skegness","No",""
"Giles Watling","Conservative","Clacton","No",""
"Suzanne Webb","Conservative","Stourbridge","No",""
"Claudia Webbe","Independent","Leicester East","No Vote Recorded",""
"Catherine West","Labour","Hornsey and Wood Green","No Vote Recorded",""
"Matt Western","Labour","Warwick and Leamington","No Vote Recorded",""
"Helen Whately","Conservative","Faversham and Mid Kent","No",""
"Heather Wheeler","Conservative","South Derbyshire","No",""
"Alan Whitehead","Labour","Southampton, Test","No Vote Recorded",""
"Philippa Whitford","Scottish National Party","Central Ayrshire","Aye","Patrick Grady"
"Mick Whitley","Labour","Birkenhead","No Vote Recorded",""
"Craig Whittaker","Conservative","Calder Valley","No",""
"John Whittingdale","Conservative","Maldon","No",""
"Nadia Whittome","Labour","Nottingham East","No Vote Recorded",""
"Bill Wiggin","Conservative","North Herefordshire","No",""
"James Wild","Conservative","North West Norfolk","No",""
"Craig Williams","Conservative","Montgomeryshire","No",""
"Hywel Williams","Plaid Cymru","Arfon","Aye","Liz Saville Roberts"
"Gavin Williamson","Conservative","South Staffordshire","No",""
"Munira Wilson","Liberal Democrat","Twickenham","Aye",""
"Sammy Wilson","Democratic Unionist Party","East Antrim","No Vote Recorded",""
"Beth Winter","Labour","Cynon Valley","No Vote Recorded",""
"Rosie Winterton","Deputy Speaker","Doncaster Central","No Vote Recorded",""
"Pete Wishart","Scottish National Party","Perth and North Perthshire","Aye","Patrick Grady"
"Mike Wood","Conservative","Dudley South","No",""
"William Wragg","Conservative","Hazel Grove","No",""
"Jeremy Wright","Conservative","Kenilworth and Southam","No",""
"Mohammad Yasin","Labour","Bedford","No Vote Recorded",""
"Jacob Young","Conservative","Redcar","No",""
"Nadhim Zahawi","Conservative","Stratford-on-Avon","No",""
"Daniel Zeichner","Labour","Cambridge","No Vote Recorded",""